50
[18, 197, 56]
[23, 179, 121]
[24, 159, 83]
[26, 214, 198]
[27, 144, 126]
[58, 164, 149]
[61, 188, 139]
[64, 128, 231]
[65, 67, 205]
[94, 237, 114]
[150, 194, 192]
[158, 295, 175]
[255, 271, 296]
[6007, 6006, 6005]
[208, 375, 447, 383]
[222, 227, 582, 325]
[234, 505, 413, 485]
[242, 440, 434, 476]
[272, 593, 300, 546]
[293, 528, 460, 587]
[303, 395, 500, 542]
[558, 259, 409, 299]
[1627, 2196, 2112, 1655]
[91, 223, 94, 237, 114]
[501, 382, 456, 437, 572]
[551, 569, 748, 708, 575]
[628, 1077, 1143, 826, 757]
[745, 1124, 1066, 799, 835]
[777, 675, 755, 699, 614]
[903, 996, 877, 1041, 1054]
[1129, 1067, 1163, 1162, 1010]
[1226, 1160, 521, 1245, 513]
[1195, 1931, 2354, 1697, 2099, 1574]
[1359, 2246, 1436, 1594, 1375, 1005]
[1630, 1131, 1780, 1627, 2196, 2112]
[1707, 2414, 1782, 1703, 1609, 1776]
[1999, 1966, 2287, 1050, 1661, 1181]
[2043, 2276, 1466, 1889, 1115, 2393]
[2171, 1192, 1755, 2061, 2142, 2027]
[6002, 6003, 6004, 6008, 6007, 6006]
[338, 564, 501, 382, 456, 437, 572]
[3708, 3490, 2934, 3453, 4281, 2666, 4459]
[3761, 3196, 3635, 3586, 4098, 4407, 2563]
[4147, 2921, 3541, 3574, 3742, 3488, 2990]
[4338, 2803, 4258, 2619, 2375, 2504, 3275]
[4589, 4785, 3902, 2323, 3967, 2515, 3059]
[4699, 4210, 3055, 3004, 3367, 2651, 3516]
[4892, 2311, 2824, 4463, 3871, 3926, 3610]
[4954, 3847, 4426, 4898, 2395, 2541, 2633]
[4996, 2315, 4836, 3024, 3789, 2418, 4685]
