14 17 1
6 9 1
7 25 1
24 4 1
27 17 1
28 5 1
8 24 1
15 30 1
13 7 1
16 25 1
22 28 1
12 28 1
27 28 1
23 10 1
10 13 1
9 3 1
7 5 1
26 1 1
5 14 1
3 18 1
8 18 1
4 21 1
11 16 1
18 15 1
13 26 1
28 22 1
30 4 1
28 12 1
19 18 1
16 10 1
24 5 1
12 24 1
1 5 1
22 10 1
6 4 1
5 4 1
19 28 1
5 17 1
16 23 1
21 30 1
19 2 1
8 3 1
1 3 1
7 20 1
27 20 1
18 12 1
26 3 1
28 2 1
2 13 1
4 24 1
28 13 1
19 21 1
24 19 1
16 11 1
19 6 1
17 10 1
20 1 1
1 4 1
21 4 1
28 20 1
8 26 1
24 29 1
24 16 1
18 18 1
28 25 1
9 12 1
8 4 1
14 13 1
19 15 1
25 27 1
24 13 1
7 16 1
17 3 1
16 24 1
15 5 1
3 14 1
2 26 1
14 27 1
24 10 1
28 16 1
27 13 1
28 14 1
4 20 1
25 28 1
15 17 1
20 23 1
1 27 1
17 30 1
3 8 1
18 29 1
2 15 1
30 7 1
4 30 1
19 30 1
